0 1 
0 2 
1 0 
1 3 
1 2 
2 0 
2 1 
3 1 
4 5 
4 6 
4 7 
4 8 
5 4 
5 6 
5 7 
5 8 
6 4 
6 5 
6 7 
6 8 
7 4 
7 5 
7 6 
7 8 
8 4 
8 5 
8 6 
8 7 
9 10 
9 11 
9 12 
9 13 
10 9 
11 9 
11 12 
11 13 
11 14 
11 15 
11 16 
12 9 
12 11 
12 13 
13 9 
13 11 
13 12 
14 11 
14 15 
15 11 
15 14 
16 11 
17 18 
17 19 
17 20 
17 21 
17 22 
17 23 
17 24 
18 17 
18 19 
18 20 
19 17 
19 18 
19 20 
20 17 
20 18 
20 19 
21 17 
21 22 
21 23 
21 24 
22 17 
22 21 
22 23 
22 24 
23 17 
23 21 
23 22 
23 24 
24 17 
24 21 
24 22 
24 23 
25 26 
25 27 
26 25 
26 27 
27 25 
27 26 
28 29 
28 30 
29 28 
29 30 
30 28 
30 29 
31 32 
31 33 
32 31 
32 33 
32 34 
32 35 
32 36 
33 31 
33 32 
33 34 
33 35 
33 36 
34 32 
34 33 
34 393 
34 35 
35 32 
35 33 
35 34 
35 393 
36 32 
36 33 
37 38 
37 39 
38 37 
38 39 
39 37 
39 38 
40 41 
40 42 
40 43 
40 44 
40 45 
40 46 
40 47 
40 48 
40 49 
40 50 
41 40 
41 42 
42 40 
42 41 
43 40 
43 44 
43 51 
43 52 
43 53 
43 45 
43 46 
43 54 
43 55 
43 56 
43 57 
43 58 
43 59 
43 60 
43 61 
43 62 
43 63 
43 64 
43 65 
43 66 
43 67 
43 68 
43 69 
43 70 
43 49 
43 71 
43 72 
43 73 
43 74 
43 75 
43 76 
43 77 
43 78 
43 79 
44 40 
44 43 
44 53 
44 45 
44 46 
44 54 
44 55 
44 56 
44 68 
44 69 
44 80 
44 81 
44 82 
44 83 
44 84 
44 85 
44 86 
44 87 
44 88 
44 70 
44 49 
44 89 
44 90 
44 72 
44 73 
44 78 
44 79 
45 40 
45 43 
45 44 
45 51 
45 52 
45 53 
45 54 
45 55 
45 56 
45 63 
45 64 
45 68 
45 69 
45 70 
45 49 
45 72 
45 73 
45 74 
45 75 
45 77 
45 78 
46 40 
46 43 
46 44 
46 305 
47 40 
47 587 
47 588 
47 589 
47 48 
47 590 
47 591 
47 112 
47 50 
47 592 
47 593 
47 594 
47 595 
47 596 
47 597 
48 40 
48 47 
48 502 
48 503 
48 588 
48 504 
48 505 
48 506 
48 507 
48 590 
48 591 
48 50 
49 40 
49 43 
49 44 
49 45 
49 72 
49 73 
50 40 
50 47 
50 48 
51 43 
51 45 
51 52 
51 53 
51 123 
51 124 
51 125 
51 126 
51 71 
52 43 
52 45 
52 51 
52 53 
53 43 
53 44 
53 45 
53 51 
53 52 
53 54 
53 55 
53 56 
53 68 
53 69 
53 127 
53 128 
53 129 
53 130 
53 131 
53 132 
54 43 
54 44 
54 45 
54 53 
54 55 
54 56 
54 68 
54 69 
54 74 
54 75 
55 43 
55 44 
55 45 
55 53 
55 54 
55 56 
55 68 
55 69 
56 43 
56 44 
56 45 
56 53 
56 54 
56 55 
56 68 
56 69 
57 43 
57 65 
57 66 
57 67 
58 43 
58 59 
58 60 
58 651 
58 652 
58 76 
59 43 
59 58 
59 60 
59 651 
59 652 
59 76 
60 43 
60 58 
60 59 
60 651 
60 652 
60 76 
60 653 
60 654 
61 43 
61 727 
61 728 
62 43 
63 43 
63 45 
63 64 
64 43 
64 45 
64 63 
65 43 
65 57 
65 66 
65 67 
66 43 
66 57 
66 65 
66 67 
67 43 
67 57 
67 65 
67 66 
68 43 
68 44 
68 45 
68 53 
68 54 
68 55 
68 56 
68 69 
69 43 
69 44 
69 45 
69 53 
69 54 
69 55 
69 56 
69 68 
70 43 
70 44 
70 45 
71 43 
71 51 
72 43 
72 44 
72 45 
72 49 
72 73 
73 43 
73 44 
73 45 
73 49 
73 72 
74 43 
74 45 
74 54 
74 75 
75 43 
75 45 
75 54 
75 74 
76 43 
76 58 
76 59 
76 60 
77 43 
77 45 
78 43 
78 44 
78 45 
78 79 
79 43 
79 44 
79 78 
80 44 
80 913 
80 81 
80 82 
80 914 
80 83 
80 136 
81 44 
81 80 
81 123 
81 124 
81 913 
81 82 
81 914 
81 83 
81 915 
81 916 
81 917 
81 89 
81 136 
81 90 
82 44 
82 80 
82 81 
82 913 
82 914 
82 83 
82 136 
83 44 
83 80 
83 81 
83 82 
83 915 
83 90 
84 44 
84 106 
84 178 
84 179 
84 215 
84 85 
84 86 
84 87 
84 88 
84 284 
84 285 
84 987 
84 988 
84 220 
85 44 
85 84 
86 44 
86 84 
86 87 
86 88 
86 284 
86 285 
86 915 
86 987 
86 989 
86 988 
87 44 
87 84 
87 86 
87 88 
88 44 
88 84 
88 86 
88 87 
89 44 
89 81 
90 44 
90 81 
90 83 
90 915 
91 92 
91 93 
91 94 
91 95 
91 96 
92 91 
92 93 
92 94 
92 95 
92 96 
93 91 
93 92 
93 94 
93 95 
93 96 
94 91 
94 92 
94 93 
94 95 
94 96 
95 91 
95 92 
95 93 
95 94 
95 96 
96 91 
96 92 
96 93 
96 94 
96 95 
97 98 
98 97 
99 100 
99 101 
100 99 
100 101 
100 102 
100 103 
100 104 
100 105 
101 99 
101 100 
101 106 
101 107 
101 108 
101 109 
101 110 
101 111 
101 112 
101 113 
101 114 
101 115 
102 100 
102 103 
102 104 
102 105 
103 100 
103 102 
104 100 
104 102 
104 105 
105 100 
105 102 
105 104 
106 84 
106 101 
106 200 
106 201 
106 202 
106 203 
106 204 
106 205 
106 206 
106 207 
106 208 
106 209 
106 210 
106 211 
106 212 
106 213 
106 214 
106 215 
106 216 
106 217 
106 218 
106 219 
106 220 
106 221 
106 222 
106 223 
106 224 
107 101 
107 108 
107 109 
107 110 
108 101 
108 107 
108 109 
109 101 
109 107 
109 108 
110 101 
110 107 
110 380 
110 381 
110 382 
110 383 
110 384 
110 385 
110 386 
110 387 
111 101 
111 695 
111 113 
111 114 
112 47 
112 101 
112 590 
113 101 
113 111 
113 114 
114 101 
114 111 
114 113 
115 101 
116 117 
116 118 
116 119 
117 116 
117 118 
117 119 
117 120 
117 121 
117 122 
118 116 
118 117 
118 119 
119 116 
119 117 
119 118 
120 117 
120 307 
120 121 
120 122 
120 410 
120 411 
120 412 
120 413 
120 308 
120 414 
120 415 
120 416 
120 417 
120 418 
120 419 
120 328 
120 420 
120 421 
120 422 
121 117 
121 120 
121 122 
121 415 
121 416 
122 117 
122 120 
122 121 
122 410 
122 411 
122 414 
122 415 
122 416 
122 421 
123 51 
123 81 
123 124 
123 133 
123 134 
123 135 
123 136 
123 137 
123 138 
124 51 
124 81 
124 123 
124 134 
124 135 
124 136 
124 137 
124 138 
125 51 
125 126 
125 139 
126 51 
126 125 
127 53 
127 128 
128 53 
128 127 
129 53 
129 1346 
129 1347 
129 1348 
129 1349 
129 130 
129 131 
129 132 
130 53 
130 129 
130 131 
130 132 
131 53 
131 129 
131 130 
131 132 
132 53 
132 129 
132 130 
132 131 
133 123 
134 123 
134 124 
134 369 
134 370 
135 123 
135 124 
135 589 
135 819 
135 820 
135 598 
136 80 
136 81 
136 82 
136 123 
136 124 
137 123 
137 124 
138 123 
138 124 
139 125 
140 141 
140 142 
141 140 
141 142 
142 140 
142 141 
143 144 
143 145 
143 146 
143 147 
143 148 
143 149 
143 150 
143 151 
143 152 
143 153 
143 154 
143 155 
143 156 
143 157 
143 158 
143 159 
143 160 
143 161 
143 162 
144 143 
144 145 
144 146 
144 157 
144 158 
144 159 
144 160 
144 161 
144 162 
145 143 
145 144 
145 146 
145 163 
145 164 
145 165 
145 166 
146 143 
146 144 
146 145 
147 143 
147 636 
147 637 
147 638 
147 148 
147 149 
147 150 
147 154 
147 639 
147 640 
147 641 
147 642 
148 143 
148 147 
148 149 
148 150 
148 151 
148 153 
148 154 
148 155 
148 156 
149 143 
149 147 
149 148 
149 150 
149 151 
149 152 
149 153 
149 154 
149 155 
149 156 
150 143 
150 147 
150 148 
150 149 
150 151 
150 153 
150 154 
150 155 
150 156 
151 143 
151 148 
151 149 
151 150 
152 143 
152 149 
152 154 
153 143 
153 148 
153 149 
153 150 
153 154 
153 155 
153 156 
154 143 
154 147 
154 148 
154 149 
154 150 
154 152 
154 153 
154 155 
154 156 
155 143 
155 148 
155 149 
155 150 
155 153 
155 154 
155 156 
156 143 
156 148 
156 149 
156 150 
156 153 
156 154 
156 155 
157 143 
157 144 
157 158 
157 159 
157 160 
157 161 
157 162 
158 143 
158 144 
158 157 
158 159 
158 160 
158 161 
158 162 
159 143 
159 144 
159 157 
159 158 
159 160 
159 161 
159 162 
160 143 
160 144 
160 157 
160 158 
160 159 
160 161 
160 162 
161 143 
161 144 
161 157 
161 158 
161 159 
161 160 
161 162 
162 143 
162 144 
162 157 
162 158 
162 159 
162 160 
162 161 
163 145 
163 164 
163 165 
163 166 
164 145 
164 163 
164 165 
164 166 
165 145 
165 163 
165 164 
165 166 
166 145 
166 163 
166 164 
166 165 
167 168 
167 169 
168 167 
168 169 
169 167 
169 168 
170 171 
170 172 
170 173 
170 174 
170 175 
170 176 
170 177 
170 178 
170 179 
170 180 
170 181 
170 182 
171 170 
171 172 
171 173 
172 170 
172 171 
172 173 
172 183 
172 184 
172 185 
172 186 
172 187 
172 176 
172 188 
172 189 
173 170 
173 171 
173 172 
173 190 
173 191 
173 176 
173 192 
173 178 
173 179 
173 180 
174 170 
174 241 
174 242 
174 243 
174 244 
174 245 
174 246 
174 175 
174 248 
174 176 
174 177 
175 170 
175 174 
176 170 
176 172 
176 173 
176 174 
176 177 
177 170 
177 174 
177 176 
178 84 
178 170 
178 173 
178 179 
178 180 
179 84 
179 170 
179 173 
179 178 
179 180 
180 170 
180 173 
180 178 
180 179 
181 170 
181 182 
182 170 
182 181 
183 172 
183 184 
183 185 
183 325 
184 172 
184 183 
184 241 
184 243 
184 185 
184 247 
184 204 
184 326 
184 327 
184 328 
184 298 
184 252 
184 329 
184 330 
184 331 
185 172 
185 183 
185 184 
185 292 
185 247 
185 326 
185 332 
185 333 
185 328 
185 298 
185 334 
185 335 
185 336 
185 302 
186 172 
186 187 
187 172 
187 186 
188 172 
188 189 
189 172 
189 188 
190 173 
190 442 
190 443 
191 173 
191 705 
191 706 
191 707 
191 192 
191 708 
192 173 
192 191 
193 194 
193 195 
193 196 
194 193 
194 195 
194 196 
195 193 
195 194 
195 196 
196 193 
196 194 
196 195 
196 197 
196 198 
196 199 
197 196 
197 791 
197 792 
197 793 
197 794 
197 795 
197 198 
197 199 
198 196 
198 197 
199 196 
199 197 
200 106 
200 201 
200 202 
201 106 
201 200 
201 202 
202 106 
202 200 
202 201 
203 106 
203 280 
203 281 
203 282 
203 283 
203 284 
203 285 
203 286 
203 287 
204 106 
204 184 
204 509 
204 510 
204 511 
204 512 
204 513 
204 514 
204 515 
204 516 
204 517 
204 518 
204 329 
204 331 
204 519 
204 520 
204 521 
205 106 
205 206 
205 207 
205 208 
205 209 
206 106 
206 205 
206 207 
206 208 
207 106 
207 205 
207 206 
207 485 
207 486 
207 488 
207 208 
207 565 
207 492 
208 106 
208 205 
208 206 
208 207 
208 209 
208 566 
208 567 
208 568 
209 106 
209 205 
209 208 
209 211 
209 212 
209 569 
209 570 
210 106 
210 211 
211 106 
211 209 
211 210 
211 215 
211 646 
211 647 
212 106 
212 209 
212 569 
212 763 
212 570 
213 106 
214 106 
214 216 
215 84 
215 106 
215 211 
216 106 
216 214 
217 106 
218 106 
218 219 
219 106 
219 218 
220 84 
220 106 
221 106 
222 106 
222 223 
222 224 
223 106 
223 222 
223 224 
224 106 
224 222 
224 223 
225 226 
225 227 
226 225 
226 227 
226 228 
226 229 
227 225 
227 226 
228 226 
228 829 
228 830 
228 831 
229 226 
230 231 
230 232 
231 230 
231 232 
232 230 
232 231 
233 234 
233 235 
234 233 
234 235 
234 236 
234 237 
235 233 
235 234 
236 234 
236 1151 
236 1152 
236 1153 
237 234 
238 239 
238 240 
239 238 
239 240 
240 238 
240 239 
241 174 
241 184 
241 242 
241 243 
241 244 
241 245 
241 246 
241 247 
241 248 
242 174 
242 241 
242 243 
242 244 
243 174 
243 184 
243 241 
243 242 
243 244 
243 245 
243 246 
243 247 
243 249 
243 250 
243 251 
243 248 
243 252 
243 253 
243 254 
244 174 
244 241 
244 242 
244 243 
245 174 
245 241 
245 243 
245 246 
245 248 
246 174 
246 241 
246 243 
246 245 
247 184 
247 185 
247 241 
247 243 
247 328 
247 298 
248 174 
248 241 
248 243 
248 245 
249 243 
249 250 
249 251 
250 243 
250 249 
250 251 
251 243 
251 249 
251 250 
252 184 
252 243 
253 243 
253 254 
254 243 
254 253 
255 256 
255 257 
256 255 
256 257 
257 255 
257 256 
258 259 
258 260 
259 258 
259 260 
259 261 
260 258 
260 259 
261 259 
262 263 
263 262 
264 265 
265 264 
266 267 
267 266 
267 268 
267 269 
268 267 
268 370 
268 269 
268 371 
268 372 
268 373 
269 267 
269 268 
270 271 
271 270 
271 272 
271 273 
271 274 
271 275 
272 271 
272 273 
272 274 
272 275 
273 271 
273 272 
273 274 
273 275 
274 271 
274 272 
274 273 
274 275 
275 271 
275 272 
275 273 
275 274 
276 277 
276 278 
276 279 
277 276 
278 276 
278 704 
278 279 
279 276 
279 278 
280 203 
281 203 
281 282 
281 283 
282 203 
282 281 
282 283 
283 203 
283 281 
283 282 
283 286 
284 84 
284 86 
284 203 
284 285 
284 987 
284 988 
284 287 
285 84 
285 86 
285 203 
285 284 
285 987 
285 988 
285 287 
286 203 
286 283 
287 203 
287 284 
287 285 
288 289 
288 290 
289 288 
289 290 
290 288 
290 289 
291 292 
291 293 
291 294 
291 295 
291 296 
291 297 
292 185 
292 291 
292 293 
292 298 
292 294 
292 295 
292 296 
292 297 
292 299 
292 300 
292 301 
292 302 
293 291 
293 292 
293 299 
293 300 
293 301 
294 291 
294 292 
294 295 
294 296 
294 297 
295 291 
295 292 
295 294 
295 296 
295 297 
296 291 
296 292 
296 294 
296 295 
296 297 
297 291 
297 292 
297 294 
297 295 
297 296 
298 184 
298 185 
298 247 
298 292 
298 325 
298 780 
298 781 
298 328 
298 334 
298 335 
298 786 
298 302 
299 292 
299 293 
299 300 
299 301 
300 292 
300 293 
300 299 
300 301 
301 292 
301 293 
301 299 
301 300 
302 185 
302 292 
302 298 
303 304 
304 303 
305 46 
305 326 
305 394 
305 395 
305 345 
305 396 
306 307 
307 120 
307 306 
307 308 
307 309 
307 310 
307 311 
307 312 
308 120 
308 307 
309 307 
309 310 
309 311 
310 307 
310 309 
310 311 
311 307 
311 309 
311 310 
311 312 
312 307 
312 311 
313 314 
314 313 
315 316 
315 317 
315 318 
315 319 
315 320 
315 321 
315 322 
315 323 
315 324 
316 315 
316 317 
316 318 
316 319 
316 320 
316 321 
316 322 
316 323 
316 324 
317 315 
317 316 
317 318 
317 319 
317 320 
317 321 
317 322 
317 323 
317 324 
318 315 
318 316 
318 317 
318 319 
318 320 
318 321 
318 322 
318 323 
318 324 
319 315 
319 316 
319 317 
319 318 
319 320 
319 321 
319 322 
319 323 
319 324 
320 315 
320 316 
320 317 
320 318 
320 319 
320 321 
320 322 
320 323 
320 324 
321 315 
321 316 
321 317 
321 318 
321 319 
321 320 
321 322 
321 323 
321 324 
322 315 
322 316 
322 317 
322 318 
322 319 
322 320 
322 321 
322 323 
322 324 
323 315 
323 316 
323 317 
323 318 
323 319 
323 320 
323 321 
323 322 
323 324 
324 315 
324 316 
324 317 
324 318 
324 319 
324 320 
324 321 
324 322 
324 323 
325 183 
325 298 
326 184 
326 185 
326 305 
326 343 
326 394 
326 395 
326 558 
326 345 
326 396 
326 559 
326 346 
326 347 
327 184 
327 773 
327 774 
327 775 
327 330 
328 120 
328 184 
328 185 
328 247 
328 298 
328 418 
328 780 
328 781 
328 782 
328 420 
328 783 
328 784 
328 336 
328 785 
329 184 
329 204 
329 331 
330 184 
330 327 
331 184 
331 204 
331 329 
332 185 
332 333 
332 599 
332 600 
332 601 
332 602 
333 185 
333 332 
334 185 
334 298 
334 335 
335 185 
335 298 
335 334 
336 185 
336 328 
336 784 
337 338 
337 339 
337 340 
338 337 
338 339 
338 340 
339 337 
339 338 
339 340 
340 337 
340 338 
340 339 
341 342 
342 341 
343 326 
343 344 
343 345 
343 346 
343 347 
344 343 
345 305 
345 326 
345 343 
345 396 
345 346 
345 347 
346 326 
346 343 
346 345 
346 559 
346 347 
346 886 
347 326 
347 343 
347 345 
347 346 
348 349 
349 348 
350 351 
350 352 
351 350 
352 350 
353 354 
353 355 
354 353 
354 355 
355 353 
355 354 
355 356 
356 355 
357 358 
357 359 
358 357 
358 359 
359 357 
359 358 
360 361 
360 362 
361 360 
361 362 
362 360 
362 361 
362 363 
363 362 
364 365 
364 366 
365 364 
365 366 
366 364 
366 365 
367 368 
368 367 
369 134 
369 370 
370 134 
370 268 
370 369 
370 371 
370 372 
370 373 
371 268 
371 370 
371 372 
371 373 
372 268 
372 370 
372 371 
372 373 
373 268 
373 370 
373 371 
373 372 
374 375 
374 376 
375 374 
375 376 
376 374 
376 375 
376 377 
376 378 
376 379 
377 376 
377 378 
377 379 
378 376 
378 377 
378 379 
379 376 
379 377 
379 378 
380 110 
380 381 
381 110 
381 380 
381 382 
381 383 
381 384 
381 385 
382 110 
382 381 
382 383 
382 384 
382 385 
383 110 
383 381 
383 382 
383 384 
384 110 
384 381 
384 382 
384 383 
385 110 
385 381 
385 382 
386 110 
386 387 
387 110 
387 386 
388 389 
388 390 
388 391 
388 392 
389 388 
389 390 
389 391 
389 392 
390 388 
390 389 
390 391 
390 392 
391 388 
391 389 
391 390 
391 392 
392 388 
392 389 
392 390 
392 391 
393 34 
393 35 
394 305 
394 326 
394 395 
394 558 
394 560 
395 305 
395 326 
395 394 
395 561 
395 562 
395 563 
395 564 
396 305 
396 326 
396 345 
397 398 
398 397 
399 400 
399 401 
399 402 
399 403 
400 399 
400 401 
401 399 
401 400 
402 399 
402 403 
403 399 
403 402 
404 405 
404 406 
405 404 
405 406 
406 404 
406 405 
407 408 
407 409 
408 407 
408 409 
409 407 
409 408 
410 120 
410 122 
410 411 
410 412 
410 413 
410 414 
410 423 
410 424 
410 425 
410 426 
410 427 
410 428 
410 429 
410 430 
410 431 
410 432 
410 433 
410 434 
411 120 
411 122 
411 410 
411 412 
411 413 
411 414 
412 120 
412 410 
412 411 
412 413 
412 423 
412 426 
413 120 
413 410 
413 411 
413 412 
413 424 
414 120 
414 122 
414 410 
414 411 
414 421 
415 120 
415 121 
415 122 
415 416 
416 120 
416 121 
416 122 
416 415 
416 417 
416 418 
416 419 
417 120 
417 416 
417 418 
417 419 
418 120 
418 328 
418 416 
418 417 
418 419 
418 420 
419 120 
419 416 
419 417 
419 418 
420 120 
420 328 
420 418 
421 120 
421 122 
421 414 
422 120 
423 410 
423 412 
423 618 
423 619 
423 425 
423 426 
423 429 
423 430 
423 431 
423 432 
424 410 
424 413 
424 734 
424 735 
424 736 
424 738 
424 737 
424 739 
425 410 
425 423 
425 949 
425 950 
425 951 
425 952 
425 953 
425 426 
425 429 
425 430 
425 431 
425 432 
426 410 
426 412 
426 423 
426 425 
426 427 
426 428 
426 429 
426 430 
426 431 
426 432 
426 433 
426 434 
427 410 
427 426 
427 428 
428 410 
428 426 
428 427 
429 410 
429 423 
429 425 
429 426 
429 430 
429 431 
429 432 
430 410 
430 423 
430 425 
430 426 
430 429 
430 431 
430 432 
431 410 
431 423 
431 425 
431 426 
431 429 
431 430 
431 432 
432 410 
432 423 
432 425 
432 426 
432 429 
432 430 
432 431 
433 410 
433 426 
433 434 
434 410 
434 426 
434 433 
435 436 
436 435 
436 437 
437 436 
438 439 
438 440 
438 441 
439 438 
439 440 
439 441 
440 438 
440 439 
440 441 
441 438 
441 439 
441 440 
442 190 
442 443 
443 190 
443 442 
444 445 
445 444 
446 447 
446 448 
446 449 
446 450 
446 451 
446 452 
447 446 
448 446 
449 446 
449 450 
449 451 
449 452 
450 446 
450 449 
450 451 
450 452 
451 446 
451 449 
451 450 
451 452 
452 446 
452 449 
452 450 
452 451 
453 454 
454 453 
454 455 
454 456 
454 457 
454 458 
455 454 
455 456 
455 457 
455 458 
456 454 
456 455 
456 457 
456 458 
457 454 
457 455 
457 456 
457 458 
458 454 
458 455 
458 456 
458 457 
459 460 
459 461 
459 462 
459 463 
459 464 
459 465 
460 459 
460 463 
460 464 
461 459 
462 459 
462 466 
462 467 
462 468 
463 459 
463 460 
464 459 
464 460 
465 459 
466 462 
466 683 
466 684 
466 467 
466 468 
466 685 
466 686 
467 462 
467 466 
467 468 
468 462 
468 466 
468 467 
469 470 
469 471 
470 469 
470 471 
471 469 
471 470 
472 473 
472 474 
472 475 
473 472 
473 474 
473 475 
474 472 
474 473 
475 472 
475 473 
475 1095 
475 1098 
475 1170 
475 1100 
475 1101 
475 1102 
475 1103 
475 1104 
475 1171 
475 1172 
476 477 
476 478 
476 479 
477 476 
477 478 
477 479 
478 476 
478 477 
478 479 
479 476 
479 477 
479 478 
480 481 
481 480 
482 483 
482 484 
482 485 
482 486 
482 487 
482 488 
482 489 
483 482 
483 484 
483 485 
483 486 
483 487 
483 488 
483 489 
483 490 
483 491 
484 482 
484 483 
484 485 
484 486 
484 487 
484 488 
484 489 
485 207 
485 482 
485 483 
485 484 
485 486 
485 487 
485 488 
485 489 
485 492 
485 490 
485 491 
486 207 
486 482 
486 483 
486 484 
486 485 
486 487 
486 488 
486 489 
486 492 
486 490 
486 491 
487 482 
487 483 
487 484 
487 485 
487 486 
487 488 
487 489 
488 207 
488 482 
488 483 
488 484 
488 485 
488 486 
488 487 
488 489 
488 492 
488 490 
488 491 
489 482 
489 483 
489 484 
489 485 
489 486 
489 487 
489 488 
490 483 
490 485 
490 486 
490 488 
490 491 
491 483 
491 485 
491 486 
491 488 
491 490 
492 207 
492 485 
492 486 
492 488 
493 494 
494 493 
495 496 
495 497 
496 495 
496 497 
497 495 
497 496 
497 498 
497 499 
497 500 
498 497 
498 499 
498 500 
499 497 
499 498 
499 500 
500 497 
500 498 
500 499 
501 502 
501 503 
502 48 
502 501 
502 503 
502 504 
502 505 
502 506 
502 507 
502 508 
503 48 
503 501 
503 502 
503 504 
503 505 
503 506 
503 507 
503 508 
504 48 
504 502 
504 503 
504 505 
504 506 
504 507 
505 48 
505 502 
505 503 
505 504 
505 506 
505 507 
505 508 
506 48 
506 502 
506 503 
506 504 
506 505 
506 507 
507 48 
507 502 
507 503 
507 504 
507 505 
507 506 
508 502 
508 503 
508 505 
509 204 
509 510 
509 511 
509 512 
509 513 
509 514 
510 204 
510 509 
510 511 
510 512 
510 513 
510 514 
511 204 
511 509 
511 510 
511 512 
511 513 
511 514 
511 522 
512 204 
512 509 
512 510 
512 511 
512 513 
512 514 
512 515 
512 521 
513 204 
513 509 
513 510 
513 511 
513 512 
513 514 
514 204 
514 509 
514 510 
514 511 
514 512 
514 513 
515 204 
515 512 
515 516 
515 517 
516 204 
516 515 
517 204 
517 515 
518 204 
519 204 
519 520 
520 204 
520 519 
521 204 
521 512 
522 511 
523 524 
523 525 
523 526 
524 523 
524 525 
525 523 
525 524 
525 526 
526 523 
526 525 
527 528 
527 529 
528 527 
528 529 
529 527 
529 528 
530 531 
530 532 
530 533 
530 534 
530 535 
530 536 
530 537 
530 538 
530 539 
531 530 
531 532 
531 533 
531 534 
531 540 
531 541 
531 535 
531 536 
531 542 
531 543 
531 537 
531 538 
531 539 
531 544 
531 545 
531 546 
531 547 
531 548 
531 549 
531 550 
532 530 
532 531 
532 791 
532 533 
532 534 
532 977 
532 540 
532 535 
532 536 
532 537 
532 796 
533 530 
533 531 
533 532 
533 534 
533 535 
533 536 
533 537 
534 530 
534 531 
534 532 
534 533 
534 537 
534 978 
534 979 
534 980 
535 530 
535 531 
535 532 
535 533 
535 536 
535 1118 
535 1119 
535 1120 
535 796 
535 538 
535 539 
536 530 
536 531 
536 532 
536 533 
536 535 
536 538 
536 539 
537 530 
537 531 
537 532 
537 533 
537 534 
538 530 
538 531 
538 535 
538 536 
538 539 
539 530 
539 531 
539 535 
539 536 
539 538 
540 531 
540 532 
540 791 
540 542 
540 543 
540 796 
541 531 
541 1054 
541 1055 
541 544 
541 545 
541 546 
541 547 
542 531 
542 540 
542 543 
543 531 
543 540 
543 542 
544 531 
544 541 
544 545 
544 546 
544 547 
545 531 
545 541 
545 544 
545 546 
545 547 
546 531 
546 541 
546 544 
546 545 
546 547 
547 531 
547 541 
547 544 
547 545 
547 546 
548 531 
548 549 
548 550 
549 531 
549 548 
549 550 
550 531 
550 548 
550 549 
551 552 
551 553 
551 554 
551 555 
552 551 
553 551 
553 554 
553 555 
554 551 
554 553 
554 555 
555 551 
555 553 
555 554 
555 556 
555 557 
556 555 
556 1146 
556 1147 
556 1148 
556 1149 
556 1150 
557 555 
558 326 
558 394 
559 326 
559 346 
559 724 
559 725 
559 726 
560 394 
561 395 
562 395 
562 1191 
562 563 
562 564 
563 395 
563 562 
563 564 
564 395 
564 562 
564 563 
565 207 
565 845 
565 846 
565 847 
565 848 
565 849 
566 208 
566 567 
567 208 
567 566 
568 208 
569 209 
569 212 
570 209 
570 212 
571 572 
572 571 
573 574 
573 575 
574 573 
574 575 
574 576 
575 573 
575 574 
576 574 
577 578 
578 577 
578 579 
579 578 
580 581 
580 582 
580 583 
580 584 
580 585 
580 586 
581 580 
581 582 
581 583 
581 586 
582 580 
582 581 
582 583 
583 580 
583 581 
583 582 
583 584 
583 585 
584 580 
584 583 
584 585 
585 580 
585 583 
585 584 
586 580 
586 581 
587 47 
587 588 
587 589 
588 47 
588 48 
588 587 
588 589 
588 590 
588 592 
589 47 
589 135 
589 587 
589 588 
589 598 
590 47 
590 48 
590 112 
590 588 
590 593 
590 594 
590 595 
590 596 
590 597 
591 47 
591 48 
592 47 
592 588 
593 47 
593 590 
593 594 
593 595 
593 596 
593 597 
594 47 
594 590 
594 593 
594 595 
594 596 
594 597 
595 47 
595 590 
595 593 
595 594 
595 596 
595 597 
596 47 
596 590 
596 593 
596 594 
596 595 
596 597 
597 47 
597 590 
597 593 
597 594 
597 595 
597 596 
598 135 
598 589 
599 332 
599 600 
599 601 
599 602 
600 332 
600 599 
600 601 
600 602 
601 332 
601 599 
601 600 
601 602 
602 332 
602 599 
602 600 
602 601 
603 604 
603 605 
603 606 
604 603 
604 605 
604 606 
605 603 
605 604 
605 606 
606 603 
606 604 
606 605 
607 608 
608 607 
608 609 
608 610 
608 611 
608 612 
608 613 
609 608 
609 875 
609 876 
609 878 
609 879 
609 610 
609 611 
609 612 
609 613 
609 880 
609 877 
610 608 
610 609 
610 611 
610 612 
610 613 
611 608 
611 609 
611 610 
611 612 
611 613 
612 608 
612 609 
612 610 
612 611 
612 613 
613 608 
613 609 
613 610 
613 611 
613 612 
614 615 
614 616 
614 617 
615 614 
615 616 
615 617 
616 614 
616 615 
616 617 
617 614 
617 615 
617 616 
618 423 
618 619 
618 620 
619 423 
619 618 
620 618 
621 622 
621 623 
621 624 
621 625 
621 626 
622 621 
622 623 
622 624 
622 625 
622 626 
623 621 
623 622 
623 624 
623 625 
623 626 
623 627 
624 621 
624 622 
624 623 
624 625 
624 626 
625 621 
625 622 
625 623 
625 624 
625 626 
626 621 
626 622 
626 623 
626 624 
626 625 
627 623 
628 629 
628 630 
629 628 
629 630 
630 628 
630 629 
631 632 
631 633 
631 634 
631 635 
632 631 
632 633 
632 634 
632 635 
633 631 
633 632 
634 631 
634 632 
634 635 
635 631 
635 632 
635 634 
636 147 
637 147 
637 638 
638 147 
638 637 
639 147 
639 640 
639 641 
639 642 
640 147 
640 639 
640 641 
640 642 
641 147 
641 639 
641 640 
641 642 
642 147 
642 639 
642 640 
642 641 
643 644 
643 645 
644 643 
644 645 
645 643 
645 644 
646 211 
646 647 
647 211 
647 646 
648 649 
648 650 
649 648 
649 650 
650 648 
650 649 
651 58 
651 59 
651 60 
652 58 
652 59 
652 60 
653 60 
653 654 
654 60 
654 653 
655 656 
655 657 
656 655 
656 657 
657 655 
657 656 
658 659 
658 660 
659 658 
659 660 
660 658 
660 659 
661 662 
661 663 
661 664 
661 665 
661 666 
661 667 
661 668 
662 661 
662 663 
662 664 
662 665 
662 666 
662 667 
662 668 
663 661 
663 662 
663 664 
663 665 
663 666 
663 667 
663 668 
664 661 
664 662 
664 663 
664 665 
664 666 
664 667 
664 668 
665 661 
665 662 
665 663 
665 664 
665 666 
665 667 
665 668 
666 661 
666 662 
666 663 
666 664 
666 665 
666 667 
666 668 
667 661 
667 662 
667 663 
667 664 
667 665 
667 666 
667 668 
668 661 
668 662 
668 663 
668 664 
668 665 
668 666 
668 667 
669 670 
669 671 
669 672 
670 669 
670 671 
670 672 
671 669 
671 670 
671 672 
672 669 
672 670 
672 671 
673 674 
673 675 
673 676 
674 673 
674 675 
674 676 
675 673 
675 674 
675 676 
676 673 
676 674 
676 675 
677 678 
677 679 
677 680 
677 681 
677 682 
678 677 
678 679 
678 680 
678 681 
679 677 
679 678 
679 680 
679 681 
679 682 
680 677 
680 678 
680 679 
680 681 
681 677 
681 678 
681 679 
681 680 
681 682 
682 677 
682 679 
682 681 
683 466 
684 466 
685 466 
685 686 
686 466 
686 685 
687 688 
688 687 
689 690 
689 691 
690 689 
690 691 
691 689 
691 690 
692 693 
692 694 
693 692 
693 694 
694 692 
694 693 
695 111 
696 697 
696 698 
697 696 
698 696 
699 700 
700 699 
701 702 
701 703 
702 701 
702 703 
703 701 
703 702 
704 278 
705 191 
706 191 
706 707 
707 191 
707 706 
707 939 
707 940 
707 941 
708 191 
709 710 
710 709 
710 711 
711 710 
712 713 
712 714 
712 715 
713 712 
713 714 
713 715 
714 712 
714 713 
714 715 
715 712 
715 713 
715 714 
716 717 
716 718 
716 719 
716 720 
716 721 
716 722 
716 723 
717 716 
717 718 
717 719 
717 720 
717 721 
717 722 
717 723 
718 716 
718 717 
718 719 
718 720 
718 721 
718 722 
718 723 
719 716 
719 717 
719 718 
719 720 
719 721 
719 722 
719 723 
720 716 
720 717 
720 718 
720 719 
720 721 
720 722 
720 723 
721 716 
721 717 
721 718 
721 719 
721 720 
721 722 
721 723 
722 716 
722 717 
722 718 
722 719 
722 720 
722 721 
722 723 
723 716 
723 717 
723 718 
723 719 
723 720 
723 721 
723 722 
724 559 
724 725 
724 726 
725 559 
725 724 
725 726 
726 559 
726 724 
726 725 
727 61 
727 728 
728 61 
728 727 
729 730 
729 731 
729 732 
729 733 
730 729 
730 731 
730 732 
730 733 
731 729 
731 730 
731 732 
731 733 
732 729 
732 730 
732 731 
732 733 
733 729 
733 730 
733 731 
733 732 
734 424 
734 735 
734 736 
734 737 
735 424 
735 734 
736 424 
736 734 
736 1159 
736 738 
736 1160 
736 737 
736 739 
737 424 
737 734 
737 736 
738 424 
738 736 
738 1159 
738 739 
739 424 
739 736 
739 738 
740 741 
740 742 
740 743 
741 740 
742 740 
742 743 
743 740 
743 742 
743 744 
744 743 
745 746 
745 747 
745 748 
746 745 
746 747 
746 748 
747 745 
747 746 
747 748 
747 749 
747 750 
747 751 
747 752 
748 745 
748 746 
748 747 
748 753 
748 754 
748 755 
748 756 
748 757 
748 758 
749 747 
749 750 
750 747 
750 749 
751 747 
751 752 
752 747 
752 751 
753 748 
754 748 
754 755 
754 756 
754 757 
755 748 
755 754 
755 756 
755 757 
756 748 
756 754 
756 755 
756 757 
757 748 
757 754 
757 755 
757 756 
758 748 
759 760 
760 759 
761 762 
762 761 
763 212 
764 765 
764 766 
765 764 
765 766 
766 764 
766 765 
766 767 
766 768 
766 769 
766 770 
767 766 
767 768 
768 766 
768 767 
769 766 
769 770 
770 766 
770 769 
771 772 
772 771 
773 327 
773 774 
774 327 
774 773 
774 775 
775 327 
775 774 
776 777 
777 776 
778 779 
779 778 
780 298 
780 328 
780 781 
781 298 
781 328 
781 780 
781 782 
782 328 
782 781 
783 328 
783 784 
784 328 
784 336 
784 783 
784 785 
785 328 
785 784 
786 298 
787 788 
788 787 
789 790 
790 789 
791 197 
791 532 
791 540 
791 792 
791 793 
791 794 
791 796 
792 197 
792 791 
792 793 
792 794 
792 797 
793 197 
793 791 
793 792 
793 794 
794 197 
794 791 
794 792 
794 793 
795 197 
796 532 
796 535 
796 540 
796 791 
796 1242 
796 1243 
796 1369 
797 792 
798 799 
799 798 
800 801 
800 802 
800 803 
800 804 
800 805 
800 806 
801 800 
801 802 
801 803 
801 804 
801 805 
801 806 
802 800 
802 801 
802 803 
802 804 
802 805 
802 806 
803 800 
803 801 
803 802 
804 800 
804 801 
804 802 
804 805 
804 806 
805 800 
805 801 
805 802 
805 804 
805 806 
806 800 
806 801 
806 802 
806 804 
806 805 
807 808 
808 807 
809 810 
809 811 
809 812 
809 813 
809 814 
809 815 
809 816 
810 809 
810 811 
811 809 
811 810 
811 815 
811 816 
812 809 
812 813 
812 814 
813 809 
813 812 
813 814 
814 809 
814 812 
814 813 
815 809 
815 811 
815 816 
816 809 
816 811 
816 815 
817 818 
818 817 
819 135 
820 135 
821 822 
821 823 
822 821 
822 823 
823 821 
823 822 
824 825 
824 826 
825 824 
825 826 
826 824 
826 825 
827 828 
828 827 
829 228 
829 830 
829 831 
830 228 
830 829 
830 831 
831 228 
831 829 
831 830 
832 833 
833 832 
834 835 
835 834 
836 837 
837 836 
838 839 
839 838 
840 841 
840 842 
841 840 
841 842 
842 840 
842 841 
843 844 
844 843 
845 565 
845 846 
845 847 
845 848 
845 849 
846 565 
846 845 
846 847 
846 848 
846 849 
847 565 
847 845 
847 846 
848 565 
848 845 
848 846 
848 849 
849 565 
849 845 
849 846 
849 848 
850 851 
851 850 
852 853 
852 854 
852 855 
853 852 
854 852 
854 855 
855 852 
855 854 
856 857 
857 856 
858 859 
859 858 
860 861 
861 860 
862 863 
863 862 
864 865 
864 866 
865 864 
865 866 
866 864 
866 865 
867 868 
868 867 
869 870 
870 869 
871 872 
871 873 
871 874 
872 871 
872 873 
872 874 
873 871 
873 872 
873 874 
874 871 
874 872 
874 873 
875 609 
875 876 
876 609 
876 875 
876 877 
877 609 
877 876 
878 609 
878 879 
878 880 
879 609 
879 878 
880 609 
880 878 
881 882 
882 881 
883 884 
883 885 
884 883 
884 885 
885 883 
885 884 
886 346 
887 888 
887 889 
887 890 
888 887 
889 887 
889 890 
890 887 
890 889 
891 892 
891 893 
891 894 
891 895 
891 896 
891 897 
891 898 
891 899 
891 900 
891 901 
891 902 
891 903 
891 904 
891 905 
891 906 
891 907 
891 908 
891 909 
891 910 
892 891 
892 893 
892 894 
892 895 
892 896 
892 897 
892 898 
892 899 
892 900 
892 901 
892 902 
892 903 
892 904 
892 905 
892 906 
892 907 
892 908 
892 909 
892 910 
892 1396 
893 891 
893 892 
893 894 
893 895 
893 896 
893 897 
893 898 
893 899 
893 900 
893 901 
893 902 
893 903 
893 904 
893 905 
893 906 
893 907 
893 908 
893 909 
893 910 
893 1396 
894 891 
894 892 
894 893 
894 895 
894 896 
894 897 
894 898 
894 899 
894 900 
894 901 
894 902 
894 903 
894 904 
894 905 
894 906 
894 907 
894 908 
894 909 
894 910 
894 1396 
895 891 
895 892 
895 893 
895 894 
895 896 
895 897 
895 898 
895 899 
895 900 
895 901 
895 902 
895 903 
895 904 
895 905 
895 906 
895 907 
895 908 
895 909 
895 910 
896 891 
896 892 
896 893 
896 894 
896 895 
896 897 
896 898 
896 899 
896 900 
896 901 
896 902 
896 903 
896 904 
896 905 
896 906 
896 907 
896 908 
896 909 
896 910 
897 891 
897 892 
897 893 
897 894 
897 895 
897 896 
897 898 
897 899 
897 900 
897 901 
897 902 
897 903 
897 904 
897 905 
897 906 
897 907 
897 908 
897 909 
897 910 
898 891 
898 892 
898 893 
898 894 
898 895 
898 896 
898 897 
898 899 
898 900 
898 901 
898 902 
898 903 
898 904 
898 905 
898 906 
898 907 
898 908 
898 909 
898 910 
899 891 
899 892 
899 893 
899 894 
899 895 
899 896 
899 897 
899 898 
899 900 
899 901 
899 902 
899 903 
899 904 
899 905 
899 906 
899 907 
899 908 
899 909 
899 910 
900 891 
900 892 
900 893 
900 894 
900 895 
900 896 
900 897 
900 898 
900 899 
900 901 
900 902 
900 903 
900 904 
900 905 
900 906 
900 907 
900 908 
900 909 
900 910 
901 891 
901 892 
901 893 
901 894 
901 895 
901 896 
901 897 
901 898 
901 899 
901 900 
901 902 
901 903 
901 904 
901 905 
901 906 
901 907 
901 908 
901 909 
901 910 
902 891 
902 892 
902 893 
902 894 
902 895 
902 896 
902 897 
902 898 
902 899 
902 900 
902 901 
902 903 
902 904 
902 905 
902 906 
902 907 
902 908 
902 909 
902 910 
903 891 
903 892 
903 893 
903 894 
903 895 
903 896 
903 897 
903 898 
903 899 
903 900 
903 901 
903 902 
903 904 
903 905 
903 906 
903 907 
903 908 
903 909 
903 910 
904 891 
904 892 
904 893 
904 894 
904 895 
904 896 
904 897 
904 898 
904 899 
904 900 
904 901 
904 902 
904 903 
904 905 
904 906 
904 907 
904 908 
904 909 
904 910 
905 891 
905 892 
905 893 
905 894 
905 895 
905 896 
905 897 
905 898 
905 899 
905 900 
905 901 
905 902 
905 903 
905 904 
905 906 
905 907 
905 908 
905 909 
905 910 
906 891 
906 892 
906 893 
906 894 
906 895 
906 896 
906 897 
906 898 
906 899 
906 900 
906 901 
906 902 
906 903 
906 904 
906 905 
906 907 
906 908 
906 909 
906 910 
907 891 
907 892 
907 893 
907 894 
907 895 
907 896 
907 897 
907 898 
907 899 
907 900 
907 901 
907 902 
907 903 
907 904 
907 905 
907 906 
907 908 
907 909 
907 910 
908 891 
908 892 
908 893 
908 894 
908 895 
908 896 
908 897 
908 898 
908 899 
908 900 
908 901 
908 902 
908 903 
908 904 
908 905 
908 906 
908 907 
908 909 
908 910 
909 891 
909 892 
909 893 
909 894 
909 895 
909 896 
909 897 
909 898 
909 899 
909 900 
909 901 
909 902 
909 903 
909 904 
909 905 
909 906 
909 907 
909 908 
909 910 
910 891 
910 892 
910 893 
910 894 
910 895 
910 896 
910 897 
910 898 
910 899 
910 900 
910 901 
910 902 
910 903 
910 904 
910 905 
910 906 
910 907 
910 908 
910 909 
911 912 
912 911 
913 80 
913 81 
913 82 
914 80 
914 81 
914 82 
915 81 
915 83 
915 86 
915 90 
915 987 
915 989 
916 81 
916 917 
917 81 
917 916 
918 919 
918 920 
918 921 
919 918 
919 920 
919 921 
920 918 
920 919 
920 921 
921 918 
921 919 
921 920 
922 923 
922 924 
922 925 
922 926 
922 927 
922 928 
922 929 
922 930 
923 922 
923 924 
923 925 
923 926 
923 927 
924 922 
924 923 
924 925 
924 926 
925 922 
925 923 
925 924 
925 926 
926 922 
926 923 
926 924 
926 925 
927 922 
927 923 
928 922 
928 929 
928 930 
929 922 
929 928 
929 930 
930 922 
930 928 
930 929 
931 932 
932 931 
933 934 
933 935 
934 933 
934 936 
935 933 
936 934 
936 966 
936 967 
937 938 
938 937 
939 707 
939 940 
939 941 
940 707 
940 939 
940 941 
941 707 
941 939 
941 940 
942 943 
942 944 
943 942 
943 944 
944 942 
944 943 
945 946 
945 947 
945 948 
946 945 
946 947 
946 948 
947 945 
947 946 
947 948 
948 945 
948 946 
948 947 
949 425 
949 950 
949 951 
949 952 
949 953 
950 425 
950 949 
950 951 
950 952 
950 953 
951 425 
951 949 
951 950 
951 952 
951 953 
951 954 
951 955 
951 956 
951 957 
952 425 
952 949 
952 950 
952 951 
952 953 
953 425 
953 949 
953 950 
953 951 
953 952 
954 951 
954 955 
954 956 
954 957 
955 951 
955 954 
955 956 
955 957 
956 951 
956 954 
956 955 
956 957 
957 951 
957 954 
957 955 
957 956 
958 959 
958 960 
958 961 
959 958 
959 960 
959 961 
960 958 
960 959 
960 961 
961 958 
961 959 
961 960 
962 963 
962 964 
962 965 
963 962 
964 962 
964 965 
965 962 
965 964 
966 936 
967 936 
968 969 
968 970 
968 971 
969 968 
969 970 
969 971 
970 968 
970 969 
970 971 
971 968 
971 969 
971 970 
972 973 
973 972 
974 975 
974 976 
975 974 
975 976 
976 974 
976 975 
977 532 
978 534 
978 979 
978 980 
979 534 
979 978 
979 980 
980 534 
980 978 
980 979 
981 982 
982 981 
983 984 
984 983 
985 986 
986 985 
987 84 
987 86 
987 284 
987 285 
987 915 
987 989 
987 988 
988 84 
988 86 
988 284 
988 285 
988 987 
989 86 
989 915 
989 987 
990 991 
990 992 
990 993 
991 990 
991 992 
991 993 
992 990 
992 991 
992 993 
993 990 
993 991 
993 992 
994 995 
995 994 
996 997 
996 998 
997 996 
997 998 
998 996 
998 997 
999 1000 
999 1001 
999 1002 
999 1003 
999 1004 
1000 999 
1000 1001 
1000 1002 
1000 1003 
1000 1004 
1001 999 
1001 1000 
1001 1002 
1001 1003 
1001 1004 
1002 999 
1002 1000 
1002 1001 
1002 1003 
1002 1004 
1003 999 
1003 1000 
1003 1001 
1003 1002 
1003 1004 
1004 999 
1004 1000 
1004 1001 
1004 1002 
1004 1003 
1005 1006 
1006 1005 
1007 1008 
1008 1007 
1009 1010 
1009 1011 
1010 1009 
1010 1011 
1011 1009 
1011 1010 
1012 1013 
1013 1012 
1014 1015 
1015 1014 
1015 1016 
1016 1015 
1017 1018 
1017 1019 
1017 1020 
1018 1017 
1018 1019 
1018 1020 
1019 1017 
1019 1018 
1019 1020 
1020 1017 
1020 1018 
1020 1019 
1021 1022 
1021 1023 
1021 1024 
1021 1025 
1021 1026 
1021 1027 
1021 1028 
1021 1029 
1021 1030 
1022 1021 
1022 1023 
1022 1024 
1022 1025 
1022 1026 
1022 1027 
1022 1028 
1022 1029 
1022 1030 
1023 1021 
1023 1022 
1023 1024 
1023 1025 
1023 1026 
1023 1027 
1023 1028 
1023 1029 
1023 1030 
1024 1021 
1024 1022 
1024 1023 
1024 1025 
1024 1026 
1024 1027 
1024 1028 
1024 1029 
1024 1030 
1025 1021 
1025 1022 
1025 1023 
1025 1024 
1025 1026 
1025 1027 
1025 1028 
1025 1029 
1025 1030 
1026 1021 
1026 1022 
1026 1023 
1026 1024 
1026 1025 
1026 1027 
1026 1028 
1026 1029 
1026 1030 
1027 1021 
1027 1022 
1027 1023 
1027 1024 
1027 1025 
1027 1026 
1027 1028 
1027 1029 
1027 1030 
1028 1021 
1028 1022 
1028 1023 
1028 1024 
1028 1025 
1028 1026 
1028 1027 
1028 1029 
1028 1030 
1029 1021 
1029 1022 
1029 1023 
1029 1024 
1029 1025 
1029 1026 
1029 1027 
1029 1028 
1029 1030 
1030 1021 
1030 1022 
1030 1023 
1030 1024 
1030 1025 
1030 1026 
1030 1027 
1030 1028 
1030 1029 
1031 1032 
1031 1033 
1032 1031 
1032 1033 
1033 1031 
1033 1032 
1034 1035 
1034 1036 
1035 1034 
1035 1036 
1036 1034 
1036 1035 
1036 1037 
1036 1038 
1036 1039 
1036 1040 
1036 1041 
1037 1036 
1037 1038 
1037 1039 
1037 1040 
1038 1036 
1038 1037 
1038 1039 
1038 1040 
1039 1036 
1039 1037 
1039 1038 
1039 1040 
1040 1036 
1040 1037 
1040 1038 
1040 1039 
1041 1036 
1042 1043 
1042 1044 
1042 1045 
1043 1042 
1043 1044 
1043 1045 
1044 1042 
1044 1043 
1044 1045 
1045 1042 
1045 1043 
1045 1044 
1046 1047 
1047 1046 
1048 1049 
1048 1050 
1049 1048 
1049 1050 
1050 1048 
1050 1049 
1051 1052 
1051 1053 
1052 1051 
1052 1053 
1053 1051 
1053 1052 
1054 541 
1054 1055 
1055 541 
1055 1054 
1056 1057 
1056 1058 
1056 1059 
1056 1060 
1057 1056 
1057 1058 
1057 1059 
1057 1060 
1058 1056 
1058 1057 
1058 1059 
1058 1060 
1058 1061 
1059 1056 
1059 1057 
1059 1058 
1059 1060 
1060 1056 
1060 1057 
1060 1058 
1060 1059 
1061 1058 
1062 1063 
1062 1064 
1062 1065 
1062 1066 
1063 1062 
1063 1064 
1063 1065 
1063 1066 
1064 1062 
1064 1063 
1064 1065 
1064 1066 
1065 1062 
1065 1063 
1065 1064 
1065 1066 
1066 1062 
1066 1063 
1066 1064 
1066 1065 
1067 1068 
1068 1067 
1069 1070 
1069 1071 
1070 1069 
1070 1071 
1071 1069 
1071 1070 
1072 1073 
1073 1072 
1074 1075 
1074 1076 
1075 1074 
1075 1076 
1076 1074 
1076 1075 
1077 1078 
1077 1079 
1077 1080 
1077 1081 
1078 1077 
1078 1079 
1078 1080 
1078 1081 
1079 1077 
1079 1078 
1079 1080 
1079 1081 
1080 1077 
1080 1078 
1080 1079 
1080 1081 
1081 1077 
1081 1078 
1081 1079 
1081 1080 
1082 1083 
1082 1084 
1082 1085 
1083 1082 
1083 1084 
1084 1082 
1084 1083 
1085 1082 
1086 1087 
1086 1088 
1087 1086 
1087 1088 
1088 1086 
1088 1087 
1089 1090 
1090 1089 
1091 1092 
1091 1093 
1092 1091 
1092 1093 
1093 1091 
1093 1092 
1094 1095 
1094 1096 
1094 1097 
1094 1098 
1094 1099 
1095 475 
1095 1094 
1095 1096 
1095 1097 
1095 1098 
1095 1099 
1095 1100 
1095 1101 
1095 1102 
1095 1103 
1095 1104 
1095 1105 
1095 1106 
1095 1107 
1096 1094 
1096 1095 
1096 1097 
1096 1098 
1096 1099 
1096 1100 
1096 1105 
1096 1106 
1096 1107 
1097 1094 
1097 1095 
1097 1096 
1097 1098 
1097 1099 
1097 1100 
1097 1105 
1097 1106 
1097 1107 
1098 475 
1098 1094 
1098 1095 
1098 1096 
1098 1097 
1098 1099 
1098 1100 
1098 1101 
1098 1102 
1098 1103 
1098 1104 
1098 1105 
1098 1106 
1098 1107 
1098 1108 
1098 1109 
1099 1094 
1099 1095 
1099 1096 
1099 1097 
1099 1098 
1100 475 
1100 1095 
1100 1096 
1100 1097 
1100 1098 
1100 1101 
1100 1102 
1100 1103 
1100 1104 
1100 1105 
1100 1106 
1100 1107 
1100 1108 
1100 1109 
1101 475 
1101 1095 
1101 1098 
1101 1100 
1101 1102 
1101 1103 
1101 1104 
1102 475 
1102 1095 
1102 1098 
1102 1100 
1102 1101 
1102 1103 
1102 1104 
1103 475 
1103 1095 
1103 1098 
1103 1100 
1103 1101 
1103 1102 
1103 1104 
1104 475 
1104 1095 
1104 1098 
1104 1100 
1104 1101 
1104 1102 
1104 1103 
1105 1095 
1105 1096 
1105 1097 
1105 1098 
1105 1100 
1105 1106 
1105 1107 
1106 1095 
1106 1096 
1106 1097 
1106 1098 
1106 1100 
1106 1105 
1106 1107 
1107 1095 
1107 1096 
1107 1097 
1107 1098 
1107 1100 
1107 1105 
1107 1106 
1108 1098 
1108 1100 
1108 1109 
1109 1098 
1109 1100 
1109 1108 
1110 1111 
1111 1110 
1112 1113 
1112 1114 
1113 1112 
1113 1114 
1114 1112 
1114 1113 
1115 1116 
1116 1115 
1116 1117 
1117 1116 
1118 535 
1119 535 
1119 1120 
1120 535 
1120 1119 
1121 1122 
1121 1123 
1122 1121 
1122 1123 
1123 1121 
1123 1122 
1124 1125 
1124 1126 
1124 1127 
1125 1124 
1126 1124 
1126 1127 
1127 1124 
1127 1126 
1128 1129 
1129 1128 
1130 1131 
1130 1132 
1130 1133 
1131 1130 
1131 1132 
1131 1133 
1132 1130 
1132 1131 
1132 1133 
1133 1130 
1133 1131 
1133 1132 
1134 1135 
1134 1136 
1135 1134 
1135 1136 
1136 1134 
1136 1135 
1137 1138 
1137 1139 
1138 1137 
1138 1139 
1139 1137 
1139 1138 
1140 1141 
1140 1142 
1140 1143 
1140 1144 
1140 1145 
1141 1140 
1141 1142 
1141 1143 
1141 1144 
1141 1145 
1142 1140 
1142 1141 
1142 1143 
1142 1144 
1142 1145 
1143 1140 
1143 1141 
1143 1142 
1143 1144 
1143 1145 
1144 1140 
1144 1141 
1144 1142 
1144 1143 
1144 1145 
1145 1140 
1145 1141 
1145 1142 
1145 1143 
1145 1144 
1146 556 
1147 556 
1148 556 
1148 1149 
1148 1150 
1149 556 
1149 1148 
1149 1150 
1150 556 
1150 1148 
1150 1149 
1151 236 
1151 1152 
1152 236 
1152 1151 
1153 236 
1154 1155 
1155 1154 
1156 1157 
1156 1158 
1157 1156 
1157 1158 
1158 1156 
1158 1157 
1159 736 
1159 738 
1159 1160 
1160 736 
1160 1159 
1161 1162 
1162 1161 
1163 1164 
1164 1163 
1165 1166 
1165 1167 
1165 1168 
1165 1169 
1166 1165 
1166 1167 
1166 1168 
1166 1169 
1167 1165 
1167 1166 
1167 1168 
1167 1169 
1168 1165 
1168 1166 
1168 1167 
1168 1169 
1169 1165 
1169 1166 
1169 1167 
1169 1168 
1170 475 
1171 475 
1171 1425 
1171 1426 
1171 1427 
1171 1428 
1171 1429 
1171 1172 
1172 475 
1172 1171 
1173 1174 
1174 1173 
1175 1176 
1176 1175 
1176 1177 
1177 1176 
1178 1179 
1179 1178 
1180 1181 
1181 1180 
1182 1183 
1182 1184 
1182 1185 
1182 1186 
1182 1187 
1183 1182 
1183 1188 
1183 1189 
1183 1190 
1183 1184 
1183 1185 
1183 1186 
1183 1187 
1184 1182 
1184 1183 
1184 1185 
1184 1186 
1184 1187 
1185 1182 
1185 1183 
1185 1184 
1185 1186 
1185 1187 
1186 1182 
1186 1183 
1186 1184 
1186 1185 
1186 1187 
1187 1182 
1187 1183 
1187 1184 
1187 1185 
1187 1186 
1188 1183 
1188 1189 
1189 1183 
1189 1188 
1190 1183 
1191 562 
1192 1193 
1193 1192 
1194 1195 
1195 1194 
1196 1197 
1196 1198 
1196 1199 
1197 1196 
1198 1196 
1198 1199 
1199 1196 
1199 1198 
1200 1201 
1200 1202 
1201 1200 
1201 1202 
1202 1200 
1202 1201 
1203 1204 
1204 1203 
1205 1206 
1205 1207 
1205 1208 
1205 1209 
1206 1205 
1207 1205 
1207 1208 
1207 1209 
1208 1205 
1208 1207 
1208 1209 
1209 1205 
1209 1207 
1209 1208 
1210 1211 
1210 1212 
1210 1213 
1210 1214 
1210 1215 
1210 1216 
1210 1217 
1210 1218 
1210 1219 
1210 1220 
1211 1210 
1211 1212 
1211 1213 
1211 1214 
1211 1215 
1211 1216 
1211 1217 
1211 1218 
1211 1219 
1212 1210 
1212 1211 
1212 1213 
1212 1214 
1212 1215 
1212 1216 
1212 1217 
1212 1218 
1212 1219 
1213 1210 
1213 1211 
1213 1212 
1213 1214 
1213 1215 
1213 1216 
1213 1217 
1213 1218 
1213 1219 
1214 1210 
1214 1211 
1214 1212 
1214 1213 
1214 1215 
1214 1216 
1214 1217 
1214 1218 
1214 1219 
1215 1210 
1215 1211 
1215 1212 
1215 1213 
1215 1214 
1215 1216 
1215 1217 
1215 1218 
1215 1219 
1216 1210 
1216 1211 
1216 1212 
1216 1213 
1216 1214 
1216 1215 
1216 1217 
1216 1218 
1216 1219 
1217 1210 
1217 1211 
1217 1212 
1217 1213 
1217 1214 
1217 1215 
1217 1216 
1217 1218 
1217 1219 
1218 1210 
1218 1211 
1218 1212 
1218 1213 
1218 1214 
1218 1215 
1218 1216 
1218 1217 
1218 1219 
1219 1210 
1219 1211 
1219 1212 
1219 1213 
1219 1214 
1219 1215 
1219 1216 
1219 1217 
1219 1218 
1220 1210 
1221 1222 
1222 1221 
1223 1224 
1223 1225 
1223 1226 
1224 1223 
1224 1225 
1224 1226 
1225 1223 
1225 1224 
1225 1226 
1226 1223 
1226 1224 
1226 1225 
1227 1228 
1227 1229 
1228 1227 
1228 1229 
1229 1227 
1229 1228 
1230 1231 
1230 1232 
1231 1230 
1231 1232 
1232 1230 
1232 1231 
1233 1234 
1233 1235 
1233 1236 
1233 1237 
1233 1238 
1233 1239 
1233 1240 
1233 1241 
1234 1233 
1234 1235 
1234 1236 
1234 1237 
1234 1238 
1234 1239 
1234 1240 
1234 1241 
1235 1233 
1235 1234 
1235 1236 
1235 1237 
1235 1238 
1235 1239 
1235 1240 
1235 1241 
1235 1242 
1235 1243 
1235 1244 
1236 1233 
1236 1234 
1236 1235 
1236 1237 
1236 1238 
1236 1239 
1236 1240 
1236 1241 
1237 1233 
1237 1234 
1237 1235 
1237 1236 
1237 1238 
1237 1239 
1237 1240 
1237 1241 
1238 1233 
1238 1234 
1238 1235 
1238 1236 
1238 1237 
1238 1239 
1238 1240 
1238 1241 
1239 1233 
1239 1234 
1239 1235 
1239 1236 
1239 1237 
1239 1238 
1239 1240 
1239 1241 
1240 1233 
1240 1234 
1240 1235 
1240 1236 
1240 1237 
1240 1238 
1240 1239 
1240 1241 
1241 1233 
1241 1234 
1241 1235 
1241 1236 
1241 1237 
1241 1238 
1241 1239 
1241 1240 
1242 796 
1242 1235 
1242 1243 
1242 1244 
1243 796 
1243 1235 
1243 1242 
1243 1244 
1244 1235 
1244 1242 
1244 1243 
1245 1246 
1246 1245 
1247 1248 
1247 1249 
1247 1250 
1247 1251 
1248 1247 
1248 1249 
1248 1250 
1248 1251 
1249 1247 
1249 1248 
1249 1250 
1249 1251 
1250 1247 
1250 1248 
1250 1249 
1250 1251 
1251 1247 
1251 1248 
1251 1249 
1251 1250 
1251 1252 
1251 1253 
1251 1254 
1252 1251 
1252 1253 
1252 1254 
1253 1251 
1253 1252 
1253 1254 
1254 1251 
1254 1252 
1254 1253 
1255 1256 
1256 1255 
1257 1258 
1258 1257 
1259 1260 
1260 1259 
1261 1262 
1262 1261 
1263 1264 
1264 1263 
1264 1265 
1264 1266 
1265 1264 
1265 1266 
1266 1264 
1266 1265 
1267 1268 
1267 1269 
1267 1270 
1267 1271 
1268 1267 
1268 1269 
1268 1270 
1268 1271 
1269 1267 
1269 1268 
1269 1270 
1269 1271 
1270 1267 
1270 1268 
1270 1269 
1270 1271 
1271 1267 
1271 1268 
1271 1269 
1271 1270 
1272 1273 
1272 1274 
1272 1275 
1272 1276 
1272 1277 
1272 1278 
1272 1279 
1272 1280 
1273 1272 
1273 1274 
1273 1275 
1273 1276 
1273 1277 
1273 1278 
1273 1279 
1273 1280 
1274 1272 
1274 1273 
1274 1275 
1274 1276 
1274 1277 
1274 1278 
1274 1279 
1274 1280 
1275 1272 
1275 1273 
1275 1274 
1275 1276 
1275 1277 
1275 1278 
1275 1279 
1275 1280 
1276 1272 
1276 1273 
1276 1274 
1276 1275 
1276 1277 
1276 1278 
1276 1279 
1276 1280 
1277 1272 
1277 1273 
1277 1274 
1277 1275 
1277 1276 
1277 1278 
1277 1279 
1277 1280 
1278 1272 
1278 1273 
1278 1274 
1278 1275 
1278 1276 
1278 1277 
1278 1279 
1278 1280 
1279 1272 
1279 1273 
1279 1274 
1279 1275 
1279 1276 
1279 1277 
1279 1278 
1279 1280 
1280 1272 
1280 1273 
1280 1274 
1280 1275 
1280 1276 
1280 1277 
1280 1278 
1280 1279 
1281 1282 
1282 1281 
1283 1284 
1284 1283 
1285 1286 
1285 1287 
1286 1285 
1286 1287 
1287 1285 
1287 1286 
1288 1289 
1289 1288 
1290 1291 
1290 1292 
1291 1290 
1291 1292 
1292 1290 
1292 1291 
1293 1294 
1293 1295 
1293 1296 
1294 1293 
1294 1295 
1294 1296 
1295 1293 
1295 1294 
1295 1296 
1296 1293 
1296 1294 
1296 1295 
1297 1298 
1298 1297 
1299 1300 
1299 1301 
1300 1299 
1300 1301 
1301 1299 
1301 1300 
1302 1303 
1302 1304 
1302 1305 
1303 1302 
1304 1302 
1305 1302 
1306 1307 
1307 1306 
1308 1309 
1309 1308 
1310 1311 
1311 1310 
1312 1313 
1313 1312 
1314 1315 
1315 1314 
1316 1317 
1316 1318 
1317 1316 
1317 1318 
1318 1316 
1318 1317 
1319 1320 
1320 1319 
1321 1322 
1321 1323 
1322 1321 
1322 1323 
1323 1321 
1323 1322 
1324 1325 
1324 1326 
1324 1327 
1325 1324 
1325 1326 
1325 1327 
1326 1324 
1326 1325 
1326 1327 
1327 1324 
1327 1325 
1327 1326 
1328 1329 
1328 1330 
1328 1331 
1328 1332 
1328 1333 
1328 1334 
1328 1335 
1328 1336 
1329 1328 
1329 1330 
1329 1331 
1329 1332 
1330 1328 
1330 1329 
1330 1331 
1330 1332 
1331 1328 
1331 1329 
1331 1330 
1331 1332 
1332 1328 
1332 1329 
1332 1330 
1332 1331 
1333 1328 
1333 1334 
1333 1335 
1333 1336 
1334 1328 
1334 1333 
1334 1335 
1334 1336 
1335 1328 
1335 1333 
1335 1334 
1335 1336 
1336 1328 
1336 1333 
1336 1334 
1336 1335 
1337 1338 
1337 1339 
1338 1337 
1338 1339 
1339 1337 
1339 1338 
1339 1340 
1339 1341 
1340 1339 
1340 1341 
1341 1339 
1341 1340 
1342 1343 
1343 1342 
1344 1345 
1345 1344 
1346 129 
1346 1347 
1346 1348 
1346 1349 
1347 129 
1347 1346 
1347 1348 
1347 1349 
1348 129 
1348 1346 
1348 1347 
1348 1349 
1349 129 
1349 1346 
1349 1347 
1349 1348 
1350 1351 
1351 1350 
1352 1353 
1352 1354 
1353 1352 
1353 1354 
1354 1352 
1354 1353 
1355 1356 
1356 1355 
1357 1358 
1358 1357 
1359 1360 
1359 1361 
1360 1359 
1360 1361 
1361 1359 
1361 1360 
1362 1363 
1362 1364 
1362 1365 
1363 1362 
1363 1364 
1363 1365 
1363 1366 
1364 1362 
1364 1363 
1364 1365 
1365 1362 
1365 1363 
1365 1364 
1366 1363 
1367 1368 
1368 1367 
1369 796 
1370 1371 
1371 1370 
1372 1373 
1373 1372 
1374 1375 
1375 1374 
1376 1377 
1376 1378 
1377 1376 
1377 1378 
1378 1376 
1378 1377 
1379 1380 
1380 1379 
1381 1382 
1381 1383 
1382 1381 
1382 1383 
1383 1381 
1383 1382 
1384 1385 
1384 1386 
1384 1387 
1384 1388 
1385 1384 
1385 1386 
1385 1387 
1385 1388 
1386 1384 
1386 1385 
1386 1387 
1386 1388 
1387 1384 
1387 1385 
1387 1386 
1387 1388 
1388 1384 
1388 1385 
1388 1386 
1388 1387 
1389 1390 
1389 1391 
1389 1392 
1390 1389 
1390 1391 
1390 1392 
1391 1389 
1391 1390 
1391 1392 
1392 1389 
1392 1390 
1392 1391 
1393 1394 
1393 1395 
1394 1393 
1394 1395 
1395 1393 
1395 1394 
1396 892 
1396 893 
1396 894 
1397 1398 
1398 1397 
1399 1400 
1399 1401 
1399 1402 
1400 1399 
1400 1401 
1400 1402 
1401 1399 
1401 1400 
1401 1402 
1402 1399 
1402 1400 
1402 1401 
1403 1404 
1403 1405 
1404 1403 
1404 1405 
1405 1403 
1405 1404 
1406 1407 
1406 1408 
1407 1406 
1407 1408 
1408 1406 
1408 1407 
1409 1410 
1410 1409 
1411 1412 
1411 1413 
1412 1411 
1412 1413 
1413 1411 
1413 1412 
1414 1415 
1415 1414 
1416 1417 
1416 1418 
1416 1419 
1416 1420 
1416 1421 
1417 1416 
1418 1416 
1418 1422 
1418 1419 
1418 1420 
1418 1421 
1419 1416 
1419 1418 
1419 1420 
1419 1421 
1420 1416 
1420 1418 
1420 1419 
1420 1421 
1421 1416 
1421 1418 
1421 1419 
1421 1420 
1422 1418 
1423 1424 
1424 1423 
1425 1171 
1425 1426 
1425 1427 
1425 1428 
1425 1429 
1426 1171 
1426 1425 
1426 1427 
1426 1428 
1426 1429 
1427 1171 
1427 1425 
1427 1426 
1427 1428 
1427 1429 
1428 1171 
1428 1425 
1428 1426 
1428 1427 
1428 1429 
1429 1171 
1429 1425 
1429 1426 
1429 1427 
1429 1428 
1430 1431 
1430 1432 
1431 1430 
1431 1432 
1432 1430 
1432 1431 
1433 1434 
1434 1433 
1435 1436 
1436 1435 
1437 1438 
1438 1437 
1439 1440 
1439 1441 
1440 1439 
1440 1441 
1441 1439 
1441 1440 
1442 1443 
1443 1442 
1444 1445 
1444 1446 
1444 1447 
1445 1444 
1445 1446 
1445 1447 
1446 1444 
1446 1445 
1446 1447 
1447 1444 
1447 1445 
1447 1446 
1448 1449 
1449 1448 
1450 1451 
1450 1452 
1450 1453 
1451 1450 
1451 1452 
1451 1453 
1452 1450 
1452 1451 
1452 1453 
1453 1450 
1453 1451 
1453 1452 
1454 1455 
1455 1454 
1456 1457 
1457 1456 
1458 1459 
1458 1460 
1459 1458 
1460 1458 
